tree
version=v4
num_class=1
num_tree_per_iteration=1
label_index=0
max_feature_idx=15
objective=binary sigmoid:1
feature_names=age los comorbidities prior_admissions lab_albumin discharge_to_facility gender_Male admission_type_Emergency admission_type_Urgent discharge_disposition_Rehab discharge_disposition_SNF age_group_50-64 age_group_65-79 age_group_80+ prior_admissions_cat_1 prior_admissions_cat_2+
monotone_constraints=1 1 1 1 -1 0 0 0 0 0 0 0 0 0 0 0
feature_infos=[0:1] [0:0.99999999999999989] [0:1] [0:1] [0:0.99999999999999989] [0:1] [0:1] [0:1] [0:1] [0:1] [0:1] [0:1] [0:1] [0:1] [0:1] [0:1]
tree_sizes=3121 3436

Tree=0
num_leaves=29
num_cat=0
split_feature=4 14 1 1 5 1 2 0 2 5 0 12 0 2 15 13 11 0 2 2 0 0 0 12 11 9 1 15
split_gain=6.48847 6.76015 3.68905 3.68427 2.64563 3.33666 2.25044 2.06875 2.31942 2.02286 1.93728 1.67124 2.14797 1.56149 1.2725 2.56935 1.78716 1.72774 1.5743 1.22492 1.09637 0.63711 0.411353 0.339758 0.335076 0.215299 0.0783854 0.0729017
threshold=0.79926746527860915 1.0000000180025095e-35 0.98214285714285721 0.19642857142857145 1.0000000180025095e-35 0.5892857142857143 0.27777777777777785 0.76760563380281699 0.50000000000000011 1.0000000180025095e-35 0.54225352112676073 1.0000000180025095e-35 0.3169014084507043 0.50000000000000011 1.0000000180025095e-35 1.0000000180025095e-35 1.0000000180025095e-35 0.091549295774647918 0.94444444444444453 0.61111111111111127 0.78169014084507049 0.27464788732394374 0.85211267605633823 1.0000000180025095e-35 1.0000000180025095e-35 1.0000000180025095e-35 0.5892857142857143 1.0000000180025095e-35
decision_type=2 2 2 2 2 2 2 2 2 2 2 2 2 2 2 2 2 2 2 2 2 2 2 2 2 2 2 2
left_child=1 2 4 11 5 20 -6 9 -9 -5 -4 12 -3 21 15 16 17 -8 22 -18 24 -11 -16 -10 27 -23 -2 -1
right_child=26 3 10 7 6 -7 14 8 23 13 -12 -13 -14 -15 18 -17 19 -19 -20 -21 -22 25 -24 -25 -26 -27 -28 -29
leaf_value=-1.8932655479366234 -1.9257817431798743 -1.8932655479366234 -1.8557699874526123 -1.8647773585425467 -1.8932655479366234 -1.8557699874526123 -1.8852447564896915 -1.8412610378344723 -1.8211896200126818 -1.8647773585425467 -1.8008174130652823 -1.8932655479366234 -1.8647773585425467 -1.8412610378344723 -1.8852447564896915 -1.8852447564896915 -1.8852447564896915 -1.8557699874526123 -1.8557699874526123 -1.855845140327766 -1.8681901322424723 -1.8576793874196469 -1.8705073719711518 -1.7918896173843457 -1.8781172796532721 -1.8505814162967471 -1.9095128494163909 -1.8852100478916125
leaf_weight=6.596615664660936 3.3561728820204726 3.0089825838804227 2.430332086980342 11.110089540481566 19.326926596462727 10.994359441101549 3.124712683260447 4.3977437764406186 2.7775223851203918 4.9763942733407047 2.3146019876003265 2.5460621863603583 5.2078544721007347 14.350532323122023 13.771881826221948 3.1247126832604399 2.430332086980342 12.035930335521696 2.3146019876003256 3.4719029814004898 4.1662835776805869 4.6292039752006513 2.5460621863603583 2.8932524845004082 3.8190932795405379 3.7033631801605225 3.0089825838804245 3.5876330807805061
leaf_count=57 29 26 21 96 167 95 27 38 24 43 20 22 45 124 119 27 21 104 20 30 36 40 22 25 33 32 26 31
internal_value=-1.86974 -1.86771 -1.87591 -1.85449 -1.87816 -1.86575 -1.88398 -1.84866 -1.82854 -1.85398 -1.83338 -1.88089 -1.86664 -1.84619 -1.87722 -1.86957 -1.86103 -1.85577 -1.88524 -1.88484 -1.88061 -1.8599 -1.88524 -1.80515 -1.88804 -1.85058 -1.91883 -1.89286
internal_weight=162.022 155.657 96.056 59.601 91.311 29.164 62.1471 48.8381 10.0685 38.7696 4.74493 10.7629 8.21684 27.6595 42.8201 24.1876 21.0629 15.1606 18.6325 5.90224 18.1696 13.309 16.3179 5.67077 14.0033 8.33257 6.36516 10.1842
internal_count=1400 1345 830 515 789 252 537 422 87 335 41 93 71 239 370 209 182 131 161 51 157 115 141 49 121 72 55 88
is_linear=0
shrinkage=1


Tree=1
num_leaves=31
num_cat=0
split_feature=4 14 1 1 8 5 12 2 1 0 2 4 9 2 12 0 4 2 11 0 11 1 12 0 1 6 6 6 8 4
split_gain=6.06509 6.04513 3.26055 3.2485 2.97847 2.57755 3.30668 2.13073 1.93052 1.92314 4.27398 2.31284 2.01947 1.86356 1.6569 2.0205 0.798915 0.753028 0.832306 0.638715 0.627697 0.445426 0.343401 0.341732 0.306728 0.248616 0.191419 0.136802 0.119161 0.0241623
threshold=0.79926746527860915 1.0000000180025095e-35 0.19642857142857145 0.98214285714285721 1.0000000180025095e-35 1.0000000180025095e-35 1.0000000180025095e-35 0.27777777777777785 0.5892857142857143 0.76760563380281699 0.50000000000000011 0.42607337200115164 1.0000000180025095e-35 0.3888888888888889 1.0000000180025095e-35 0.3169014084507043 0.61304418793729532 0.61111111111111127 1.0000000180025095e-35 0.52816901408450712 1.0000000180025095e-35 0.33928571428571436 1.0000000180025095e-35 0.27464788732394374 0.19642857142857145 1.0000000180025095e-35 1.0000000180025095e-35 1.0000000180025095e-35 1.0000000180025095e-35 0.45582376746359982
decision_type=2 2 2 2 2 2 2 2 2 2 2 2 2 2 2 2 2 2 2 2 2 2 2 2 2 2 2 2 2 2
left_child=1 3 14 5 9 6 8 29 19 11 -11 23 20 -5 15 -3 17 25 24 -1 -13 -8 -6 -4 -19 -9 -26 -2 -28 -7
right_child=27 2 4 13 22 7 21 16 -10 10 -12 12 -14 -15 -16 -17 -18 18 -20 -21 -22 -23 -24 -25 26 -27 28 -29 -30 -31
leaf_value=-0.014136413303604054 -0.036522856311945781 -0.02328518463960641 0.02322778342215558 0.012610589086083649 0.0044335644012459116 -0.015332131023232894 -0.02328518463960641 -0.0034708781250037111 0.012610589086083649 0.036041523690208868 0.088679484553882873 0.0044335644012459116 0.02322778342215558 0.064980245176572513 -0.02328518463960641 0.0044335644012459116 -0.015332131023232894 -0.0034708781250037111 0.012610589086083649 0.0032092681378367034 0.02322778342215558 -0.0054024230398860206 0.022527287745734665 0.036041523690208868 0.00025140264928697652 -0.0095468461935216027 0.003894194883159344 -0.055766522554766662 0.012610589086083649 -0.02328518463960641
leaf_weight=9.2435624524951034 2.57405100762844 2.9573687463998777 3.9812908619642275 2.5026861429214469 12.202982299029825 8.1896365284919757 2.7586699053645125 6.568139933049677 8.8858187794685346 2.954000048339366 4.3644299656152725 8.1780353337526339 6.9369886294007292 2.385767474770546 2.5023889392614356 5.2268270775675774 7.509700931608676 2.759812153875834 4.1864204183220854 4.3850952535867682 2.4522481039166442 3.8314128816127777 3.0781527459621421 5.5029699578881264 6.3705423623323423 7.9499106705188751 4.8630871325731277 3.5679479688405991 2.5397156327962875 10.805770419538019
leaf_count=81 23 26 34 21 104 72 24 57 76 25 36 70 59 20 22 45 65 24 36 38 21 33 26 47 55 69 42 32 22 95
internal_value=-8.60834e-05 0.00184564 0.014228 -0.00596508 0.0196143 -0.00811415 0.00414319 -0.0138894 0.0126106 0.0278578 0.0505195 0.0215635 0.010414 0.0333353 -0.0107472 0.00338409 -0.00737908 -0.00376156 0.00260509 -0.00619205 0.00443356 -0.0232852 0.00443356 0.0360415 -0.00324376 -0.00954685 0.00397368 -0.048416 0.00970672 -0.0232852
internal_weight=162.215 156.073 60.3377 95.7357 49.6511 90.8473 29.1046 61.7427 22.5145 34.37 7.31843 27.0515 17.5673 4.88845 10.6866 8.1842 42.7473 35.2376 20.7196 13.6287 10.6303 6.59008 15.2811 9.48426 16.5332 14.5181 13.7733 6.142 7.4028 18.9954
internal_count=1400 1345 515 830 422 789 252 537 195 292 61 231 150 41 93 71 370 305 179 119 91 57 130 81 143 126 119 55 64 167
is_linear=0
shrinkage=0.05


end of trees

feature_importances:
age=11
los=9
comorbidities=9
lab_albumin=5
age_group_65-79=5
age_group_50-64=4
discharge_to_facility=3
gender_Male=3
admission_type_Urgent=2
discharge_disposition_Rehab=2
prior_admissions_cat_1=2
prior_admissions_cat_2+=2
age_group_80+=1

parameters:
[boosting: gbdt]
[objective: binary]
[metric: binary_logloss]
[tree_learner: serial]
[device_type: cpu]
[data_sample_strategy: bagging]
[data: ]
[valid: ]
[num_iterations: 2000]
[learning_rate: 0.05]
[num_leaves: 31]
[num_threads: 0]
[seed: 42]
[deterministic: 0]
[force_col_wise: 0]
[force_row_wise: 0]
[histogram_pool_size: -1]
[max_depth: -1]
[min_data_in_leaf: 20]
[min_sum_hessian_in_leaf: 0.001]
[bagging_fraction: 0.8]
[pos_bagging_fraction: 1]
[neg_bagging_fraction: 1]
[bagging_freq: 0]
[bagging_seed: 400]
[bagging_by_query: 0]
[feature_fraction: 0.8]
[feature_fraction_bynode: 1]
[feature_fraction_seed: 30056]
[extra_trees: 0]
[extra_seed: 12879]
[early_stopping_round: 0]
[early_stopping_min_delta: 0]
[first_metric_only: 0]
[max_delta_step: 0]
[lambda_l1: 0]
[lambda_l2: 0.1]
[linear_lambda: 0]
[min_gain_to_split: 0]
[drop_rate: 0.1]
[max_drop: 50]
[skip_drop: 0.5]
[xgboost_dart_mode: 0]
[uniform_drop: 0]
[drop_seed: 17869]
[top_rate: 0.2]
[other_rate: 0.1]
[min_data_per_group: 100]
[max_cat_threshold: 32]
[cat_l2: 10]
[cat_smooth: 10]
[max_cat_to_onehot: 4]
[top_k: 20]
[monotone_constraints: 1,1,1,1,-1,0,0,0,0,0,0,0,0,0,0,0]
[monotone_constraints_method: basic]
[monotone_penalty: 0]
[feature_contri: ]
[forcedsplits_filename: ]
[refit_decay_rate: 0.9]
[cegb_tradeoff: 1]
[cegb_penalty_split: 0]
[cegb_penalty_feature_lazy: ]
[cegb_penalty_feature_coupled: ]
[path_smooth: 0]
[interaction_constraints: ]
[verbosity: -1]
[saved_feature_importance_type: 0]
[use_quantized_grad: 0]
[num_grad_quant_bins: 4]
[quant_train_renew_leaf: 0]
[stochastic_rounding: 1]
[linear_tree: 0]
[max_bin: 255]
[max_bin_by_feature: ]
[min_data_in_bin: 3]
[bin_construct_sample_cnt: 200000]
[data_random_seed: 175]
[is_enable_sparse: 1]
[enable_bundle: 1]
[use_missing: 1]
[zero_as_missing: 0]
[feature_pre_filter: 1]
[pre_partition: 0]
[two_round: 0]
[header: 0]
[label_column: ]
[weight_column: ]
[group_column: ]
[ignore_column: ]
[categorical_feature: ]
[forcedbins_filename: ]
[precise_float_parser: 0]
[parser_config_file: ]
[objective_seed: 16083]
[num_class: 1]
[is_unbalance: 0]
[scale_pos_weight: 1]
[sigmoid: 1]
[boost_from_average: 1]
[reg_sqrt: 0]
[alpha: 0.9]
[fair_c: 1]
[poisson_max_delta_step: 0.7]
[tweedie_variance_power: 1.5]
[lambdarank_truncation_level: 30]
[lambdarank_norm: 1]
[label_gain: ]
[lambdarank_position_bias_regularization: 0]
[eval_at: ]
[multi_error_top_k: 1]
[auc_mu_weights: ]
[num_machines: 1]
[local_listen_port: 12400]
[time_out: 120]
[machine_list_filename: ]
[machines: ]
[gpu_platform_id: -1]
[gpu_device_id: -1]
[gpu_use_dp: 0]
[num_gpu: 1]

end of parameters

pandas_categorical:[]
